250 3
208 1
135 2
191 1
130 1
133 4
279 1
276 4
173 4
172 3
112 1
63 4
94 3
100 4
49 2
159 1
124 1
195 3
203 3
204 4
25 2
23 4
219 1
259 3
131 2
85 4
18 4
31 2
155 2
256 3
255 2
110 2
66 3
182 1
120 2
235 1
252 4
201 2
243 4
247 3
180 4
118 1
151 3
61 2
127 1
87 3
253 1
222 2
35 3
274 3
39 1
200 1
249 4
207 2
5 3
7 1
171 4
56 2
55 1
116 3
115 2
153 3
154 1
72 2
80 3
125 4
194 1
106 4
107 1
167 4
138 3
189 2
223 3
76 3
77 4
10 1
11 2
54 3
53 2
57 3
176 1
185 1
186 3
52 3
51 2
146 2
12 4
226 3
225 2
220 3
158 2
149 3
150 4
64 3
73 1
14 2
224 4
114 1
62 3
81 1
33 1
258 1
50 3
183 3
121 1
88 4
108 2
199 3
41 3
278 3
230 2
215 3
27 3
28 2
251 2
210 3
228 4
217 2
175 4
152 1
90 4
89 2
43 3
165 1
58 1
21 4
147 4
181 2
128 4
137 4
188 1
129 3
178 1
192 2
238 2
239 4
227 1
82 3
233 3
211 1
19 2
17 3
117 4
269 3
46 4
9 4
229 3
29 4
13 1
96 4
187 2
193 2
236 2
221 1
122 2
198 4
218 4
148 2
179 3
91 3
15 1
145 1
42 1
166 2
168 1
144 3
169 2
140 4
139 1
113 2
71 1
26 4
231 4
97 1
157 4
93 2
273 2
68 3
69 4
270 4
44 2
141 2
271 1
242 3
244 1
160 3
206 2
65 4
4 2
40 4
260 1
105 3
109 1
272 4
209 4
205 1
48 1
216 1
196 2
254 4
74 2
22 2
164 4
45 1
20 1
263 2
213 3
2 4
241 2
79 4
197 1
102 4
111 1
264 4
119 3
34 2
75 1
277 1
6 2
248 1
190 3
95 1
99 3
161 4
103 3
261 4
184 4
266 2
237 3
24 3
246 1
101 2
59 3
245 4
232 2
70 2
92 1
104 2
177 2
202 1
163 2
142 1
234 2
32 3
30 3
38 2
123 4
84 3
83 1
98 4
212 4
240 3
134 4
1 1
267 2
257 4
78 3
162 1
143 4
174 2
16 4
132 1
136 1
275 3
126 3
265 1
8 3
36 2
156 1
3 1
60 1
37 1
67 1
262 1
214 1
268 1
47 2
86 1
170 3
