250 208
135 191
130 133
279 276
173 172
112 63
94 100
49 159
124 195
203 204
25 23
219 259
131 85
18 31
155 159
256 255
110 66
182 120
235 252
201 203
243 247
180 118
151 61
127 87
253 222
276 35
274 39
120 200
249 207
5 7
171 155
56 55
116 115
153 154
72 80
173 153
125 194
106 107
167 138
189 127
223 253
76 77
10 11
54 53
57 176
185 186
52 51
146 180
12 226
225 220
158 149
150 116
64 73
14 224
53 172
114 62
80 81
150 61
33 255
258 50
183 121
88 108
121 199
41 167
124 125
278 279
118 201
230 215
107 108
27 28
251 210
228 217
55 175
152 158
90 89
43 165
58 57
21 27
159 147
181 118
199 204
127 128
137 188
128 87
129 131
178 192
238 239
228 227
130 82
233 211
19 17
116 117
269 46
9 229
29 13
115 96
178 116
186 187
194 193
236 235
221 222
89 88
122 198
13 14
227 218
148 179
91 90
15 223
176 151
145 181
42 166
167 168
144 182
39 169
172 155
140 139
100 113
71 72
26 25
247 231
166 140
115 97
158 157
93 94
11 228
273 41
68 69
270 44
252 210
165 141
271 43
110 68
242 244
236 249
159 160
80 206
138 187
65 64
66 71
151 150
154 155
121 122
160 146
4 5
218 219
40 39
260 51
7 26
27 11
28 12
81 206
105 109
272 43
251 209
82 205
49 48
229 216
196 90
222 254
63 74
43 166
109 68
22 27
155 147
164 141
45 164
138 188
20 29
263 54
85 108
231 213
215 216
2 241
259 258
120 121
72 79
197 196
23 27
102 111
264 263
118 119
34 35
75 76
168 169
277 35
200 204
6 248
28 29
56 175
54 173
189 190
195 89
204 95
52 171
110 109
150 178
97 99
160 161
103 111
106 68
216 261
51 258
184 122
266 58
171 50
181 182
33 34
237 235
26 24
176 175
226 225
210 266
190 127
246 233
100 101
10 228
208 59
74 76
245 232
12 13
70 80
17 31
158 150
111 66
62 63
155 157
14 15
92 104
58 177
138 137
20 19
69 81
201 202
44 165
163 142
243 244
255 269
187 188
97 96
103 104
65 66
184 121
107 68
149 148
237 234
31 32
197 91
23 11
217 260
71 70
187 125
97 61
125 195
29 30
55 54
48 160
32 33
38 274
123 197
84 83
22 21
62 74
12 227
89 107
98 61
13 226
224 221
64 72
212 213
223 221
96 95
79 206
240 241
39 134
185 122
1 238
279 38
215 263
278 277
267 257
101 112
72 78
24 25
257 49
76 205
161 144
220 254
133 84
162 143
55 174
62 75
203 96
25 9
15 16
261 260
147 179
89 106
179 178
87 132
169 136
191 129
129 132
238 237
275 38
4 243
139 187
126 193
115 202
245 244
87 88
35 270
247 248
265 57
208 209
40 168
140 186
200 199
6 8
162 144
36 272
132 85
70 81
143 182
156 148
192 117
175 151
209 58
142 183
103 109
241 245
3 4
144 181
227 226
273 274
153 158
50 49
60 59
7 6
225 224
135 190
130 131
279 275
49 160
124 196
37 273
73 77
46 163
43 42
18 278
212 266
61 75
63 64
45 44
202 96
234 252
274 40
66 67
262 54
217 218
67 69
160 145
249 60
270 271
171 159
253 31
260 52
174 153
116 202
173 154
102 103
267 258
36 37
57 177
122 123
134 82
8 9
249 250
248 230
21 20
225 221
13 224
98 114
251 252
53 173
165 166
129 130
114 63
78 79
92 91
238 240
230 229
95 99
51 171
60 61
104 109
163 164
206 205
241 242
177 151
262 53
258 49
108 69
215 261
41 168
224 223
265 264
102 101
37 38
118 117
230 214
194 88
17 18
131 84
133 82
219 220
94 102
77 78
11 12
220 267
256 48
204 93
148 150
91 104
147 146
99 113
111 110
64 71
211 266
44 43
184 185
196 195
21 28
234 233
32 277
159 146
181 119
237 239
213 264
261 52
144 143
246 245
233 212
87 85
19 16
244 247
218 260
141 185
5 6
269 45
136 190
268 256
105 106
190 128
30 15
8 25
188 126
51 50
15 224
134 130
201 200
243 6
157 149
198 92
16 223
145 180
214 215
164 165
240 246
216 217
82 108
101 65
232 212
23 10
239 234
119 120
250 207
71 80
180 192
247 232
74 73
94 101
47 162
248 231
219 267
270 45
165 140
221 254
242 245
134 129
235 251
114 61
186 123
92 102
117 201
213 214
253 32
276 36
209 210
120 199
278 276
141 140
131 133
264 55
266 265
255 46
101 111
31 278
28 13
222 33
37 274
167 139
189 126
251 208
77 205
114 113
196 91
250 251
63 73
225 219
22 23
53 171
157 156
198 197
78 205
263 55
104 105
229 228
214 263
38 39
231 214
154 157
33 269
50 159
183 120
88 107
3 241
149 150
259 51
210 58
218 259
231 230
140 185
106 109
230 216
174 173
200 203
82 81
6 247
46 45
150 97
83 82
8 248
36 271
172 171
48 47
183 184
99 100
235 234
146 145
257 256
95 94
233 232
16 253
137 189
128 132
156 149
192 116
108 81
19 18
272 273
29 14
119 201
57 56
245 233
60 177
248 9
252 211
17 253
190 191
122 197
227 217
162 163
83 108
111 65
53 52
168 138
188 189
262 261
90 105
44 164
85 84
260 259
42 167
172 154
88 86
267 268
108 68
41 40
31 277
182 183
151 158
217 261
75 74
100 112
180 181
207 208
112 64
166 139
11 227
59 58
93 102
152 153
73 72
273 42
263 262
123 196
226 218
59 177
271 44
110 67
170 135
236 250
182 119
98 113
137 136
128 129
61 76
143 142
80 79
223 222
259 267
65 71
139 138
126 127
145 144
185 123
268 254
60 207
27 12
24 23
133 83
169 170
62 61
170 136
148 178
147 148
89 105
84 108
179 192
146 179
242 243
45 163
20 30
269 270
1 2
2 240
271 272
139 186
126 194
5 243
121 198
136 189
125 126
24 22
268 255
47 46
56 176
277 34
193 88
30 14
207 59
254 255
123 124
228 216
54 174
195 90
70 69
60 151
198 91
275 36
97 98
175 152
142 184
103 110
232 213
258 257
237 236
7 8
246 234
10 229
220 221
74 77
47 161
37 272
73 78
244 232
272 42
46 162
161 162
193 87
30 19
222 32
150 115
18 279
212 265
155 156
195 194
277 276
92 103
235 250
163 143
186 124
96 99
233 252
191 134
67 70
39 170
264 56
34 269
232 231
35 36
113 63
174 152
187 124
26 8
112 65
254 33
93 92
9 10
48 161
32 34
273 40
248 229
13 225
179 180
16 17
79 205
95 100
142 141
214 264
199 93
86 108
1 240
266 57
262 52
154 158
113 112
67 68
215 262
3 242
136 135
34 270
257 48
194 89
161 145
82 206
220 268
256 47
226 219
203 95
25 10
98 99
211 210
164 142
42 41
169 137
191 128
20 28
213 265
275 37
156 147
192 118
4 242
2 3
151 152
87 86
119 200
19 15
35 271
132 131
141 184
265 56
40 169
268 257
135 134
256 46
188 125
202 203
204 94
170 134
276 275
168 137
90 104
117 202
199 198
198 93
211 212
86 85
239 246
143 183
209 59
240 239
127 193
166 167
241 246
66 70
177 176
175 174
